5668
5648
5667
5859
7422
7435
5906
5642
5670
5666
5922
7434
7430
5714
5660
5663
5677
6149
7432
6171
5693
5672
5671
5707
6399
7422
5942
5665
5669
5658
5841
7422
7425
7418
5714
5666
5666
5681
6171
7415
6147
5670
5656
5656
5883
7428
7427
5831
5668
5669
5681
6171
7431
6136
5671
5664
5656
5881
7433
7433
5844
5667
5666
5668
6171
7432
6391
5681
5669
5671
5705
6399
7424
6129
5675
5669
5660
5849
7430
7428
5894
5662
5666
5662
5928
7423
7437
5714
5670
5665
5668
6160
7435
6171
5688
5668
5671
5714
6628
5708
5672
5670
5707
6628
7420
5942
5651
5662
5666
5941
7433
6628
5699
5677
5671
5707
6628
7423
5927
5661
5666
5662
5929
7424
6399
5703
5671
5670
5713
6628
7435
5922
7435
7415
5714
5667
5665
5676
6162
7453
6171
5689
5670
5669
5704
6399
7432
5942
5669
5663
5656
5898
7432
7434
5890
5669
5656
5660
5938
7433
6628
5714
5669
5655
5714
5652
5666
5853
7425
7426
5884
5645
5656
5672
6148
7436
6171
5680
5658
5665
5853
7431
7436
5911
5655
5656
5673
6156
7445
6171
5665
5663
5666
5885
7423
7428
5877
5657
5867
7426
7429
5916
5668
5663
5648
5933
7422
7420
5714
5670
5659
5680
6164
7426
6171
5686
5667
5659
5714
6628
7423
5942
5665
5640
5658
5883
7435
7431
5882
5646
5661
5644
5900
7432
7424
5714
5665
5657
5689
6391
7424
6132
5704
5643
5661
5903
7435
7436
5714
5658
5665
5691
6393
7420
6130
5663
5651
5668
5905
7422
7429
5714
5662
5667
5662
5714
6628
7430
5942
5668
5651
5647
5879
7424
7431
5886
5648
5643
5703
5942
7425
6628
5714
5658
5661
5685
6170
7431
6166
5669
5663
5669
5714
7422
7429
5936
5658
5942
7428
6399
5699
5669
5664
5714
7426
7431
5916
5667
5664
5661
5942
7432
6398
5697
5664
5660
5714
7426
7431
5914
5696
5661
5661
5942
7423
6397
5695
5660
5663
5714
5661
5656
5682
6167
7438
6170
5682
5657
5668
5714
6628
7433
5941
5660
5653
5654
5887
7435
7438
5868
5654
5662
5669
5942
7433
6628
5708
5669
5670
5688
6171
7424
6158
7424
6163
5677
5662
5661
5864
7426
7437
5856
5662
5671
5672
6161
7427
6157
5677
5660
5656
5856
7433
7435
5865
5661
5661
5657
6163
7434
6158
5676
5655
5649
5872
7435
5882
5645
5658
5668
5942
7430
6628
5711
5665
5668
5687
6171
7441
6163
5679
5669
5670
5714
7425
7426
5927
5662
5667
5663
5892
7429
7421
5875
5659
5655
5657
5942
7433
5942
5654
5665
5666
5925
7432
7421
5713
5669
5671
5696
6399
7418
5942
5663
5666
5661
5904
7427
7424
5714
5671
5672
5703
6399
7434
5942
5667
5662
5665
5918
7428
6628
7430
5936
5674
5666
5667
5878
7433
7427
5871
5657
5668
5665
5942
7423
6399
5708
5671
5672
5679
6171
7442
6158
5678
5664
5662
5714
7433
7427
5925
5666
5653
5639
5903
5641
5654
5668
6165
7434
6392
5689
5665
5670
5714
7432
7426
5928
5653
5662
5669
6141
7429
6391
5679
5670
5671
5714
7440
7429
5896
5662
5667
5667
6121
7418
6396
5687
6171
7424
6155
5679
5666
5666
5714
7419
7433
5942
5667
5661
5651
5930
7428
7431
5864
5659
5651
5664
6132
7432
6399
5705
5669
5660
5693
6391
7435
6149
5674
5651
5661
5654
5680
6171
7427
6149
5709
5647
5652
5884
7435
7430
5942
5653
5659
5683
6171
7421
6147
5668
5649
5656
5886
7423
7429
5879
5660
5665
5684
6171
7444
6145
5653
5654
5650
5942
7442
6399
5707
5676
5665
5698
6389
7436
6152
5676
5657
5653
5714
7437
7435
5922
5661
5660
5687
5908
7435
7427
5857
5649
5653
5672
6140
7426
6396
5696
5666
5702
6399
7428
5934
5666
5661
5660
5930
7432
6628
5708
5666
5662
5706
6628
7425
5932
5696
5660
5660
5932
7422
6628
5706
5661
5664
5708
6628
7431
5930
5660
5646
5666
5647
5661
5903
7421
7426
5862
5653
5646
5714
6136
7424
6399
5701
5662
5666
5697
6393
7422
6145
5653
5658
5663
5849
7432
7439
5912
5662
5660
5666
5913
7434
7419
5714
7420
7435
5881
5657
5668
5665
6145
7444
6171
5684
5665
5660
5831
7433
7435
5886
5656
5657
5649
6147
7423
6171
5683
5659
5653
5853
7431
7435
5884
5665
5647
5669
6149
5672
5648
5667
5847
7423
7434
5918
5661
5670
5667
5911
7435
7435
5831
5657
5660
5674
6136
7429
6394
5697
5672
5671
5700
6399
7421
6128
5668
5660
5662
5825
7419
7429
7418
5714
5668
5669
5687
6389
7416
6136
5667
5667
5662
5895
7429
7425
5714
5670
5670
5686
6391
7426
6122
5669
5663
5660
5896
7435
7434
5714
5670
5669
5676
6392
7431
6397
5691
5668
5670
5699
6394
7423
6141
5677
5671
5664
5835
7425
7429
5906
5661
5666
5661
5916
7426
7437
5714
5667
5662
5664
6171
7432
6391
5693
5670
5672
5706
6399
5699
5670
5677
5714
6628
7422
5942
5652
5662
5667
5942
7431
6399
5692
5674
5671
5714
7439
7427
5915
5661
5666
5663
5942
7420
6399
5696
5671
5670
5714
7413
7435
5908
7433
7418
5714
5665
5662
5672
6152
7421
6391
5694
5671
5677
5695
6399
7434
6142
5671
5657
5656
5885
7433
7426
5901
5668
5652
5660
5927
7440
7423
5714
5663
5651
5714
5649
5658
5865
7430
7426
5873
5648
5656
5676
6158
7435
6163
5674
5657
5661
5866
7434
7430
5897
5656
5660
5677
6164
7443
6161
5660
5659
5662
5895
7421
7427
5864
5661
5855
7425
7428
5926
5667
5661
5648
5922
7424
7426
5714
5666
5657
5675
6154
7421
6171
5692
5668
5661
5707
6399
7424
5942
5667
5643
5659
5872
7422
7432
5893
5643
5660
5662
5911
7434
7430
5714
5666
5660
5695
6397
7423
5942
5698
5661
5661
5914
7435
7433
5714
5660
5667
5697
6398
7426
5942
5661
5649
5667
5916
7425
7430
5714
5662
5668
5662
5714
6399
7433
6130
5670
5653
5646
5867
7427
7435
5898
5659
5661
5699
5931
7430
7429
5714
5655
5658
5680
6161
7435
6171
5677
5665
5670
5714
6628
7427
5942
5661
5942
7424
6393
5693
5667
5663
5714
7436
7432
5905
5668
5652
5643
5942
7426
6393
5691
5662
5657
5714
7428
7435
5903
5663
5643
5664
6132
7426
6391
5689
5657
5660
5714
5660
5653
5677
6157
7428
6171
5688
5659
5668
5711
6399
7433
5942
5662
5655
5656
5875
7435
7433
5884
5666
5661
5667
5937
7432
6628
5714
5667
5669
5682
6169
7421
6168
7422
6153
5673
5658
5658
5876
7430
7431
5842
5666
5669
5676
6171
7425
6145
5673
5656
5653
5873
7434
7432
5853
5665
5663
5664
6171
7425
6148
5672
5657
5646
5884
7435
5893
5642
5665
5666
5934
7434
7430
5714
5663
5666
5682
6162
7427
6171
5683
5670
5671
5714
6628
7424
5942
5663
5668
5664
5880
7428
7424
5886
5656
5668
5655
5942
7419
5937
5653
5663
5666
5934
7432
6628
5706
5671
5671
5703
6399
7423
5934
5662
5666
5661
5920
7426
6628
5707
5671
5671
5707
6399
7437
5931
5666
5663
5673
5930
7428
6628
7424
5942
5675
5668
5657
5863
7432
7426
5882
5664
5667
5663
5942
7420
6628
5714
5671
5670
5673
6171
7437
6167
5682
5666
5668
5714
7427
7432
5936
5667
5653
5642
5892
5644
5656
5671
6171
7437
6171
5682
5661
5667
5844
7433
7431
5915
5655
5663
5671
6149
7425
6171
5670
5665
5668
5874
7435
7429
5884
5655
5657
5670
6136
7429
6171
5681
6171
7424
6168
5683
5669
5668
5713
6628
7434
5942
5667
5661
5653
5917
7430
7435
5877
5656
5648
5662
5942
7432
6628
5712
5669
5657
5687
6171
7438
6159
5678
5655
5663
5660
5685
6171
7429
6139
5702
5644
5650
5895
7435
7428
5714
5657
5664
5688
6399
7420
6137
5664
5647
5670
5897
7422
7436
5714
5663
5666
5689
6393
7442
6171
5650
5665
5649
5942
7443
6628
5714
5672
5662
5690
6171
7435
6162
5681
5659
5657
5714
7437
7421
5933
5662
5642
5659
5896
7435
7430
5869
5645
5653
5669
5942
7426
6399
5704
5665
5709
6628
7430
5923
5666
5661
5661
5941
7432
6399
5702
5665
5663
5713
6628
7430
5921
5693
5660
5661
5942
7423
6399
5699
5660
5666
5714
7425
7433
5919
5661
5647
5666
5648
5644
5892
7423
7430
5874
5650
5643
5714
5942
7425
6399
5708
5663
5663
5691
6171
7423
6156
5659
5660
5666
5714
7420
7435
5924
5661
5661
5667
5900
7442
7420
5857
7419
7440
5867
5660
5669
5667
6155
7421
6165
5679
5662
5658
5847
7438
7434
5874
5659
5659
5654
6157
7426
6164
5678
5657
5650
5865
7434
7434
5872
5666
5647
5673
6159
5677
5652
5668
5714
7424
7434
5929
5660
5671
5668
5899
7434
7434
5848
5655
5656
5671
6123
7430
6399
5702
5670
5671
5694
6394
7424
6143
5672
5663
5666
5714
7417
7431
7417
5714
5669
5671
5692
6395
7418
5942
5665
5666
5661
5894
7428
7423
5714
5671
5672
5698
6397
7435
5942
5668
5662
5664
5911
7434
7419
5714
5671
5669
5686
6398
7433
6399
5701
5667
5669
5693
6386
7423
6152
5679
5669
5668
5714
7423
7426
5909
5661
5666
5661
5905
7428
7421
5869
5663
5658
5660
6170
7435
6396
5700
5670
5671
5698
6396
5692
5668
5672
5714
7432
7430
5932
5653
5662
5668
5942
7434
6395
5684
5671
5671
5714
7439
7428
5903
5661
5667
5665
5942
7418
6399
5690
5671
5669
5714
7417
7433
5894
7435
7421
5860
5661
5658
5668
6140
7422
6398
5701
5671
5675
5687
6394
7439
6150
5674
5660
5658
5871
7431
7426
5913
5667
5651
5641
5916
7434
7423
5849
5660
5648
5708
5649
5655
5876
7435
7435
5942
5651
5658
5680
6167
7425
6154
5669
5653
5658
5878
7436
7433
5884
5658
5664
5681
6171
7443
6151
5656
5656
5659
5905
7430
7426
5852
5664
5714
7422
7431
5937
5666
5660
5648
5942
7430
7427
5851
5663
5654
5670
6144
7426
6394
5698
5668
5663
5700
6398
7427
6137
5670
5646
5660
5860
7424
7432
5905
5661
5659
5661
5923
7431
6628
5713
5666
5663
5702
6399
7423
5939
5694
5660
5661
5925
7421
6628
5710
5661
5666
5704
6399
7427
5937
5660
5648
5666
5927
7427
6628
5714
5662
5677
5664
5710
6396
7434
6141
5672
5654
5650
5855
7430
7435
5909
5659
5660
5695
5920
7431
7431
5714
5652
5657
5676
6151
7428
6390
5686
5666
5670
5706
6399
7424
5942
5661
6138
7430
6171
5687
5666
5661
5714
7432
7432
5893
5654
5654
5647
6141
7427
6171
5686
5661
5655
5714
7432
7433
5891
5663
5645
5667
6143
7433
6171
5683
5654
5659
5849
5656
5650
5714
6147
7428
6392
5694
5661
5667
5704
6399
7438
6134
5665
5657
5660
5862
7431
7432
5899
5665
5661
5667
5926
7438
7417
5714
5666
5666
5678
6159
7421
6171
7414
6142
5669
5668
5663
5868
7429
7425
5714
5669
5670
5680
6171
7446
6132
5671
5663
5654
5888
7434
7432
5714
5668
5665
5672
6171
7428
6137
5670
5659
5643
5896
7435
5905
5639
5673
5666
5923
7435
7434
5714
5662
5664
5677
6149
7426
6171
5695
5672
5671
5707
6399
7422
5942
5666
5669
5658
5841
7426
7427
5897
5667
5665
5653
5934
7423
5942
5653
5662
5666
5942
7431
6399
5698
5677
5671
5710
6628
7424
5922
5661
5666
5662
5936
7424
6399
5700
5671
5670
5713
6628
7440
5918
5666
5664
5673
5941
7422
6399
7420
5942
5676
5669
5660
5849
7433
7429
5893
5662
5667
5662
5930
7423
7439
5714
5670
5665
5667
6161
7438
6171
5687
5668
5669
5714
6628
7434
5942
5668
5655
5645
5880
5648
5653
5674
6171
7433
6169
5676
5659
5664
5857
7431
7433
5902
5655
5658
5674
6158
7445
6167
5665
5662
5665
5884
7423
7428
5872
5659
5659
5674
6150
7429
6171
5676
6165
7424
6171
5688
5670
5669
5704
6399
7433
5942
5669
5662
5655
5903
7433
7436
5889
5670
5653
5660
5939
7430
6628
5714
5668
5656
5714
6168
7438
6168
5682
5659
5665
5661
5691
6394
7423
5942
5697
5662
5663
5907
7435
7434
5714
5659
5667
5694
6395
7426
5942
5662
5651
5668
5909
7424
7430
5714
5664
5668
5695
6398
7442
5942
5647
5663
5647
5935
7422
7421
5714
5670
5660
5683
6165
7423
6171
5686
5665
5660
5714
6628
7423
5942
5664
5639
5660
5885
7435
7431
5881
5646
5663
5667
5942
7427
6628
5711
5663
5714
7426
7431
5912
5667
5661
5642
5942
7420
6396
5695
5663
5659
5714
7429
7431
5910
5661
5642
5663
5942
7424
6395
5693
5658
5665
5714
7424
7433
5907
5662
5648
5667
5650
5646
5880
7425
7431
5885
5648
5640
5709
5942
7425
6628
5714
5658
5663
5685
6171
7435
6165
5667
5664
5669
5714
7427
7427
5935
5661
5663
5668
5886
7435
7425
5842
7427
7428
5853
5664
5671
5670
6165
7432
6154
5675
5658
5654
5864
7433
7432
5861
5663
5661
5661
6167
7435
6154
5674
5655
5647
5877
7436
7420
5860
5667
5650
5678
6169
5682
5655
5669
5714
6628
7432
5940
5660
5655
5670
5888
7434
7432
5865
5656
5663
5669
5942
7431
6399
5708
5669
5670
5688
6171
7452
6156
5677
5666
5667
5714
7415
7433
7422
5711
5670
5671
5699
6399
7419
5940
5663
5666
5661
5911
7426
6628
5712
5671
5671
5702
6399
7431
5938
5667
5662
5670
5923
7431
6628
5712
5671
5668
5696
6399
7432
6628
5710
5667
5668
5687
6171
7438
6162
5682
5668
5670
5714
7425
7424
5925
5662
5667
5662
5893
7429
7423
5879
5660
5655
5657
5942
7435
6399
5706
5678
5669
5690
6390
5685
5667
5670
5714
7429
7429
5919
5655
5663
5670
6142
7427
6171
5676
5667
5670
5714
7439
7428
5891
5663
5668
5668
6127
7414
6171
5685
5668
5667
5714
7418
7430
5881
7429
7423
5871
5658
5669
5665
5942
7423
6399
5708
5671
5672
5680
6171
7445
6159
5678
5664
5662
5714
7429
7427
5924
5666
5652
5638
5904
7423
7425
5860
5657
5648
5701
5646
5652
5888
7435
7432
5936
5655
5660
5685
6171
7424
6143
5665
5650
5655
5890
7422
7433
5714
5664
5666
5686
6171
7440
6171
5653
5653
5656
5915
7429
7421
5714
5666
5714
7419
7433
5942
5667
5660
5650
5935
7431
7432
5864
5659
5651
5666
6133
7432
6399
5704
5668
5663
5694
6392
7435
6148
5673
5649
5662
5848
7424
7431
5916
5661
5658
5641
5934
7427
6399
5706
5665
5662
5709
6628
7425
5928
5690
5660
5661
5937
7423
6399
5703
5662
5666
5711
6628
7433
5926
5660
5648
5666
5938
7430
6399
5714
5662
5676
5661
5702
6390
7437
6152
5676
5656
5652
5714
7433
7435
5921
5659
5660
5692
5909
7433
7433
5856
5649
5654
5672
6140
7426
6396
5695
5666
5670
5700
6396
7428
6140
5663
6149
7444
6171
5682
5664
5658
5839
7433
7431
5881
5657
5656
5652
6151
7429
6170
5681
5658
5652
5858
7432
7435
5879
5664
5644
5671
6153
7437
6168
5679
5652
5655
5861
5653
5647
5714
6137
7425
6398
5701
5662
5666
5697
6394
7421
6145
5651
5659
5663
5850
7432
7434
5911
5665
5661
5666
5913
7434
7419
5714
5664
5662
5674
6148
7414
6392
7414
5942
5667
5667
5661
5885
7429
7424
5714
5671
5671
5693
6393
7440
5942
5669
5662
5662
5903
7433
7438
5714
5670
5668
5681
6394
7432
5942
5668
5661
5641
5908
7433
5917
5662
5673
5667
5912
7434
7438
5827
5658
5660
5674
6136
7443
6394
5699
5671
5672
5700
6399
7421
6125
5669
5660
5662
5826
7424
7429
5917
5666
5664
5653
5942
7427
5937
5653
5662
5667
5942
7429
6398
5690
5673
5671
5714
7437
7426
5910
5662
5667
5663
5942
7422
6399
5694
5671
5669
5714
7422
7433
5904
5666
5665
5675
5942
7423
6396
7423
6140
5680
5671
5664
5834
7422
7429
5905
5662
5666
5661
5918
7425
7439
5714
5667
5662
5663
6151
7435
6391
5693
5669
5670
5709
6399
7436
5942
5670
5657
5648
5942
5651
5657
5677
6161
7436
6160
5671
5654
5660
5870
7435
7433
5888
5657
5662
5678
6166
7442
6157
5660
5658
5661
5893
7429
7427
5860
5663
5663
5678
6164
7420
6163
5672
6154
7425
6390
5694
5671
5677
5695
6399
7431
6143
5671
5656
5655
5890
7433
7426
5900
5668
5651
5660
5928
7435
7424
5714
5662
5651
5714
6159
7428
6171
5688
5662
5666
5663
5697
6399
7423
5942
5692
5660
5662
5918
7420
7437
5714
5661
5668
5700
6399
7432
5942
5660
5650
5667
5920
7427
6628
5714
5667
5669
5701
6399
7442
5941
5647
5661
5647
5923
7425
7420
5714
5666
5658
5677
6155
7422
6171
5691
5667
5662
5708
6399
7423
5942
5666
5642
5661
5873
7420
7432
5892
5644
5663
5666
5936
7430
7438
5714
5660
5714
7431
7432
5900
5669
5652
5646
6134
7420
6390
5689
5662
5656
5714
7431
7435
5898
5661
5644
5666
6136
7433
6389
5687
5656
5662
5714
7424
7420
5896
5645
5650
5669
5652
5649
5868
7427
7436
5897
5658
5642
5704
5932
7430
7427
5714
5656
5659
5680
6162
7436
6171
5675
5666
5670
5714
6628
7425
5942
5661
5666
5656
5872
7432
7419
5858
7428
7427
5839
5667
5670
5685
6171
7434
6141
5672
5663
5655
5880
7433
7430
5849
5666
5663
5668
6171
7430
6144
5671
5656
5644
5889
7436
7422
5849
5668
5653
5683
6171
5687
5659
5669
5712
6399
7432
5942
5662
5657
5656
5876
7432
7435
5881
5660
5662
5667
5938
7437
6628
5714
5668
5669
5683
6171
7428
6167
5682
5669
5669
5714
6628
7432
6628
5704
5679
5672
5705
6628
7422
5929
5662
5666
5661
5927
7424
6628
5705
5672
5670
5707
6628
7430
5927
5666
5662
5670
5934
7424
6399
5705
5670
5667
5706
6628
7433
7422
5714
5664
5667
5682
6162
7426
6171
5686
5670
5671
5714
6628
7425
5941
5664
5667
5663
5881
7428
7426
5890
5657
5668
5654
5942
7421
6628
5714
5674
5666
5683
6171
5678
5662
5666
5849
7433
7430
5906
5657
5656
5673
6151
7443
6171
5670
5664
5667
5872
7422
7428
5879
5657
5658
5671
6142
7421
6171
5680
5665
5666
5856
7422
7431
5862
7428
7425
5882
5664
5668
5663
5942
7424
6628
5714
5671
5670
5672
6171
7445
6167
5682
5666
5667
5714
7427
7433
5935
5667
5652
5641
5893
7426
7430
5872
5654
5645
5695
5644
5649
5900
7435
7435
5714
5659
5667
5690
6399
7421
6133
5662
5655
5669
5902
7426
7436
5714
5665
5667
5691
6394
7441
5942
5651
5665
5668
5925
7434
7420
5714
5667
5714
6628
7438
5942
5667
5661
5652
5922
7431
7433
5876
5656
5648
5663
5942
7429
6399
5712
5667
5658
5688
6171
7438
6158
5677
5653
5664
5714
7427
7431
5928
5641
5658
5642
5942
7432
6399
5699
5664
5661
5714
7426
7430
5917
5687
5661
5663
5942
7424
6399
5696
5661
5666
5714
7425
7434
5914
5661
5649
5667
5942
7432
6398
5706
5662
5672
5663
5694
6171
7435
6161
5680
5660
5658
5714
7434
7420
5932
5661
5661
5661
5897
7435
7432
5868
5646
5654
5670
5942
7427
6399
5703
5665
5669
5694
6388
7442
6151
5665
6159
7438
6162
5678
5661
5656
5856
7439
7432
5869
5660
5658
5658
6161
7442
6160
5677
5656
5649
5870
7434
7434
5868
5666
5648
5675
6163
7438
6159
5674
5649
5652
5873
5650
5644
5714
5942
7425
6399
5708
5663
5666
5691
6171
7423
6155
5658
5662
5667
5714
7437
7440
5923
5664
5662
5667
5900
7435
7421
5856
5661
5659
5670
6137
7415
6398
7416
5942
5664
5666
5660
5901
7427
7424
5714
5671
5671
5697
6399
7433
5942
5667
5661
5668
5916
7430
7420
5714
5671
5668
5691
6399
7432
5942
5667
5673
5644
5919
7431
5928
5661
5674
5668
5900
7434
7435
5845
5656
5657
5671
6123
7438
6399
5704
5670
5671
5694
6396
7421
6140
5673
5662
5665
5714
7423
7431
5926
5666
5663
5653
5934
7428
5924
5655
5663
5669
5942
7427
6392
5682
5671
5670
5714
7437
7428
5898
5662
5667
5666
6118
7421
6396
5688
5671
5668
5714
7423
7434
5891
5668
5668
5676
6133
7423
6386
7426
6151
5683
5666
5667
5714
7424
7429
5917
5662
5666
5661
5906
7427
7439
5873
5664
5658
5659
6171
7437
6396
5699
5670
5669
5700
6396
7435
6171
5673
5655
5652
5938
5655
5659
5682
6171
7424
6150
5667
5653
5657
5883
7421
7433
5874
5659
5665
5683
6171
7440
6147
5657
5655
5658
5904
7432
7425
5714
5665
5667
5683
6171
7424
6152
5668
6143
7413
6398
5701
5672
5675
5687
6394
7431
6151
5674
5660
5658
5876
7433
7426
5912
5667
5650
5660
5917
7436
7423
5848
5660
5648
5714
6149
7426
6391
5694
5665
5666
5663
5704
6399
7423
5935
5688
5660
5662
5930
7422
6628
5708
5664
5671
5707
6628
7430
5933
5660
5649
5666
5931
7428
6628
5714
5664
5677
5708
6628
7422
5930
5647
5660
5647
5942
7430
7427
5850
5663
5653
5672
6145
7420
6394
5697
5666
5662
5701
6398
7426
6137
5669
5645
5662
5861
7423
7432
5904
5661
5662
5666
5925
7431
7427
5714
5660
5714
7430
7432
5889
5655
5653
5650
6144
7423
6171
5684
5659
5653
5851
7434
7437
5887
5662
5643
5670
6147
7436
6171
5681
5653
5658
5854
7426
7423
5884
5648
5653
5672
5653
5649
5856
7430
7435
5909
5657
5660
5700
5921
7431
7432
5714
5653
5657
5676
6152
7430
6389
5684
5667
5670
5707
6399
7424
5942
5665
5668
5660
5858
7428
7429
5875
7429
7426
5714
5670
5670
5688
6389
7433
6128
5670
5662
5666
5895
7435
7432
5714
5669
5666
5677
6390
7428
6133
5669
5660
5641
5900
7435
7423
5714
5669
5657
5689
6392
5693
5660
5668
5705
6399
7438
6133
5664
5659
5660
5863
7431
7435
5896
5668
5661
5667
5927
7434
7416
5714
5667
5666
5678
6161
7435
6171
5687
5671
5670
5708
6628
7430
6399
5695
5676
5671
5712
6628
7425
5917
5662
5666
5662
5941
7424
6399
5698
5671
5670
5713
7429
7437
5914
5666
5664
5671
5942
7421
6399
5698
5670
5666
5714
7426
7434
7424
5714
5663
5665
5678
6150
7434
6171
5691
5672
5671
5708
6399
7423
5942
5666
5668
5657
5869
7426
7429
5900
5668
5665
5652
5936
7425
7430
5714
5671
5683
5677
6166
5673
5660
5663
5862
7440
7431
5893
5656
5659
5676
6160
7439
6164
5665
5661
5663
5882
7428
7426
5867
5661
5661
5675
6156
7453
6168
5675
5662
5662
5867
7425
7428
5848
7426
7430
5893
5663
5667
5661
5932
7423
7441
5714
5671
5666
5666
6162
7442
6171
5687
5668
5668
5714
6628
7432
5942
5668
5654
5644
5881
7429
7431
5884
5651
5643
5690
5661
5664
5911
7435
7435
5714
5663
5669
5696
6397
7430
5942
5661
5652
5667
5913
7430
7428
5714
5666
5669
5697
6399
7440
5942
5649
5663
5667
5935
7432
7418
5712
5669
5707
6628
7433
5942
5669
5662
5654
5909
7433
7435
5888
5653
5652
5661
5940
7432
6628
5714
5666
5656
5682
6169
7439
6168
5682
5655
5666
5714
6628
7433
5939
5643
5649
5645
5942
7420
6394
5693
5663
5658
5714
7425
7435
5906
5659
5638
5665
5942
7427
6393
5690
5657
5665
5714
7424
7435
5903
5643
5650
5668
6131
7434
6392
5698
5661
5670
5659
5686
6166
7426
6171
5685
5664
5662
5714
6628
7423
5942
5663
5643
5662
5886
7435
7434
5880
5643
5666
5668
5942
7428
6628
5710
5663
5667
5688
6171
7427
6161
5681
6168
7429
6150
5674
5657
5653
5872
7436
7430
5857
5664
5660
5665
6171
7428
6151
5673
5656
5645
5881
7435
7422
5856
5667
5651
5680
6171
7428
6149
5714
5646
5649
5884
5647
5641
5714
5942
7424
6628
5714
5659
5663
5686
6171
7429
6165
5665
5663
5669
5714
7422
7428
5934
5664
5664
5668
5886
7436
7425
5868
5658
5668
5668
5942
7417
6399
7421
5936
5663
5666
5660
5918
7426
6628
5709
5672
5672
5702
6399
7434
5934
5667
5661
5668
5927
7430
6628
5709
5671
5668
5701
6399
7433
5933
5666
5673
5661
5930
7433
5939
5661
5656
5669
5889
7435
7430
5862
5657
5663
5669
5942
7433
6399
5709
5670
5671
5688
6171
7452
6155
5677
5666
5667
5714
7422
7433
5934
5666
5662
5654
5921
7427
5911
5656
5664
5671
6144
7428
6171
5675
5667
5669
5714
7421
7429
5886
5664
5669
5669
6134
7452
6171
5683
5668
5666
5714
7424
7434
5874
5657
5669
5680
6145
7422
6171
7430
6161
5686
5668
5670
5714
7424
7427
5929
5663
5666
5662
5894
7429
7423
5883
5660
5655
5656
5942
7437
6399
5706
5678
5668
5692
6390
7436
6171
5676
5658
5656
5714
5659
5663
5687
6171
7439
6139
5664
5650
5654
5894
7424
7432
5714
5666
5667
5688
6171
7438
6171
5654
5667
5668
5914
7428
7421
5714
5667
5669
5688
6388
7415
6140
5665
5942
7418
6399
5707
5672
5672
5680
6171
7446
6159
5678
5664
5661
5714
7435
7430
5923
5666
5651
5642
5905
7423
7425
5860
5657
5645
5707
6138
7423
6397
5700
5664
5664
5663
5712
6628
7430
5924
5685
5661
5663
5941
7423
6399
5701
5663
5669
5714
6628
7434
5922
5660
5650
5666
5942
7431
6399
5709
5664
5675
5714
7427
7424
5918
5647
5660
5649
5941
7427
7431
5863
5659
5650
5667
6134
7420
6399
5704
5666
5660
5694
6392
7434
6147
5673
5648
5664
5849
7424
7431
5915
5660
5661
5666
5914
7432
7432
5835
5657
5848
7435
7431
5877
5658
5655
5655
6155
7427
6167
5679
5657
5650
5862
7433
7435
5875
5663
5646
5673
6157
7437
6165
5677
5650
5655
5865
7431
7424
5872
5648
5654
5676
5656
5653
5714
7432
7431
5920
5658
5660
5697
5910
7435
7430
5855
5650
5655
5673
6141
7427
6395
5693
5667
5670
5700
6396
7424
6139
5666
5670
5663
5844
7428
7429
5892
7428
7425
5714
5671
5671
5692
6395
7436
5942
5668
5661
5665
5909
7437
7419
5714
5670
0
